0.0035356790003788774
0.00043347099926904775
0.0003932689996872796
0.0002598000000944012
0.00048383200009993743
0.00021165900034247898
0.0004214870004943805
0.00026299900036974577
0.00041065499954129336
0.00022321800042846007
0.0024541559996578144
0.0025230680003005546
0.00028832899988628924
0.00026843100022233557
0.0002186029996664729
0.00022202000036486425
0.0004859079999732785
0.00023832599981687963
0.00022559399985766504
0.00023066799985826947
0.00043005500083381776
0.000231221998546971
0.0002291229993716115
0.00023190499996417202
0.00023902000066300388
0.00023273600163520314
0.00023373699877993204
0.00022322500080917962
0.0004258739991200855
0.00022313199951895513
0.0002231899998150766
0.00022285700106294826
0.00029384600020421203
0.0003025430014531594
0.00024403199859079905
0.0002272059991810238
0.00024173999918275513
0.0002286649996676715
0.00029890800033172127
0.0002403090002189856
0.0004511880015343195
0.0004218199992465088
0.00042557300002954435
0.00023733499983791262
0.00022375800108420663
0.00021998400006850716
0.00022542999977304135
0.0002394439998170128
0.000427893999585649
0.00024137600121321157
0.00032422200092696585
0.0002915679997386178
0.00021509900034288876
0.0002124029997503385
0.0002629869995871559
0.0006077850011934061
0.0006045539994374849
0.0006724239992763614
0.00043659299990395084
0.00045326600047701504
0.0002296269994985778
0.00041998499909823295
0.00023348799913947005
0.0002252059985039523
0.0006458570005634101
0.0005195459998503793
0.0002998039999511093
0.00021422999998321757
0.004744909005239606
0.0004797800211235881
0.0005295820301398635
0.00031082110945135355
0.00022057897876948118
0.0002365059917792678
0.00022594397887587547
0.00023511494509875774
0.00021601002663373947
0.0001705670729279518
0.00018411700148135424
0.00017122889403253794
0.00029020500369369984
0.00018127402290701866
0.00017666607163846493
0.00028400809969753027
0.00017023098189383745
0.00018123001791536808
0.00017804093658924103
0.0001666169846430421
0.0001751449890434742
0.00030130601953715086
0.00021023000590503216
0.00032175902742892504
0.00018246006220579147
0.0002743159420788288
0.0002245899522677064
0.00024145795032382011
0.00023345102090388536
0.0004286550683900714
0.0002459411043673754
0.0002313900040462613
0.0003339389804750681
0.00022066000383347273
0.000570163014344871
0.00022758194245398045
0.00022301403805613518
0.000417063944041729
0.0002370129805058241
0.00024102895986288786
0.00023852300364524126
0.00022430799435824156
0.0005783060332760215
0.00019405002240091562
0.0002363509265705943
0.00022994691971689463
0.00017955200746655464
0.0001797199947759509
0.00021686602849513292
0.0003529239911586046
0.00022455002181231976
0.0002665399806573987
0.00022918509785085917
0.000267135095782578
0.00022458098828792572
0.00023282202892005444
0.00024037505500018597
0.00044640200212597847
0.000186410965397954
0.0004336390411481261
0.00023265706840902567
0.00023729295935481787
0.00044233002699911594
0.00022442603949457407
0.00025869894307106733
0.00021540001034736633
0.0001716531114652753
0.00017762393690645695
0.0002076580421999097
0.00017692905385047197
0.0002632270334288478
0.0003295299829915166
0.00020847294945269823
0.00023681495804339647
0.00021516892593353987
0.00021600094623863697
0.00022854097187519073
0.00019645399879664183
0.002678625052794814
0.0002841439563781023
0.0004182780394330621
0.00023513298947364092
0.0002867329167202115
0.00022273091599345207
0.00031711405608803034
0.00022465491201728582
0.00022710405755788088
0.00023079290986061096
0.0025533739244565368
0.00028529297560453415
0.00022681406699120998
0.00021087401546537876
0.0005505220033228397
0.00023016799241304398
0.0025417970027774572
0.0004990749293938279
0.00026953499764204025
0.0002969839842990041
0.00022190704476088285
0.0002275410806760192
0.00023433193564414978
0.00022152799647301435
0.00023368792608380318
0.0041749009396880865
0.00023292494006454945
0.0003029659856110811
0.00022834399715065956
0.00024668604601174593
0.0002862859982997179
0.0002423240803182125
0.00021243898663669825
0.00041396403685212135
0.0003093370469287038
0.0003999390173703432
0.0033724099630489945
0.0002920309780165553
0.00021676905453205109
0.00023004109971225262
0.00022746494505554438
0.0002243189373984933
0.00027059600688517094
0.0002735370071604848
0.00027190998662263155
0.00023550004698336124
0.00022919801995158195
0.00025691697373986244
0.00025652593467384577
0.000236672000028193
0.00024977896828204393
0.0003041379386559129
0.00024019402917474508
0.003044340992346406
0.0002332769799977541
0.00029057508800178766
0.0027210440021008253
0.0002909789327532053
0.0024711430305615067
0.00028123497031629086
0.00042232300620526075
0.0029444550164043903
0.00032841204665601254
0.0004203669959679246
0.0004357680445536971
0.00022496702149510384
0.00023086904548108578
0.00024130300153046846
0.0004186689620837569
0.00021420198027044535
0.0004452439025044441
0.00031041307374835014
0.0002343639498576522
0.00024597300216555595
0.0026061050593852997
0.00048761290963739157
0.002997678006067872
0.00028957496397197247
0.00022912106942385435
0.00032386998645961285
0.00043229106813669205
0.00022993504535406828
0.00044580595567822456
0.00028978404588997364
0.0002155329566448927
0.0002162080490961671
0.00024381198454648256
0.0002275099977850914
0.00021753902547061443
0.0004595729988068342
0.00021457008551806211
0.0002189120277762413
0.0002242480404675007
0.00023855397012084723
0.0006238929927349091
0.0004398890305310488
0.00022206897847354412
0.0002607799833640456
0.00021579698659479618
0.00021635298617184162
0.0002215610584244132
0.00022449204698204994
0.00022563792299479246
0.0023873280733823776
0.00047374109271913767
0.0003179679624736309
0.002445011050440371
0.004694193950854242
0.00020267197396606207
0.0002630749950185418
0.0002887940499931574
0.0001705989707261324
0.00017318897880613804
0.00017703301273286343
0.00017398700583726168
0.00017490505706518888
0.00019784295000135899
0.00016415200661867857
0.0001749539515003562
0.00028381310403347015
0.0002906810259446502
0.0026024479884654284
0.002409042906947434
0.0002984569873660803
0.00358614104334265
0.0002841789973899722
0.0032473700121045113
0.002624396001920104
0.00243593892082572
0.002438034047372639
0.0004309660289436579
0.00275328999850899
0.0005748920375481248
0.0002910199109464884
0.0002682229969650507
