21.744174579000173
17.13853689300049
21.23941218300024
15.607284536999941
15.158999539000433
17.65630181800043
18.410588620999988
14.638528528000279
15.897047311999813
14.384570988000632
14.893811742999787
1.189627577000465
30.50109168400013
30.4873780479993
15.888695948999157
6.128839504001007
6.1584633180009405
6.1462289829996735
15.909883162999904
1.1656368120002298
1.15848054900016
1.164492211999459
1.1454302229994937
1.1575134409995371
1.1289308299983531
1.165499582000848
1.1452569050015882
1.148923778999233
1.1455773979996593
1.162788150999404
1.145469258999583
1.1485799479996786
1.1317203960006736
1.157229690999884
1.1461839880012121
1.1427982309996878
1.1497352469996258
1.1579133920004097
1.1457062479985325
1.1571208450004633
1.1221519640002953
1.1461869009999646
1.1458653120007511
1.1480235170001833
1.1428871150001214
1.15675130100135
17.66596884699902
16.135287105000316
13.374216793999949
14.45716198700029
20.1569477310004
1.1640513719994487
1.1449198449990945
1.1440337160001945
17.397504530001243
1.149201173999245
1.1555717889987136
1.1405859700007568
17.40407686400067
21.156677811999543
16.635510473999602
11.643776137001623
9.170959773000504
12.908492475000457
8.909395495998979
8.658737937999831
17.663640986000246
18.37927458500053
20.62988369499908
14.635070938998979
6.329347460001372
6.357633469000575
13.571191619999809
15.793739618000473
18.882547207000243
14.880224198999713
16.060313609999866
14.127243052935228
8.416324849007651
1.8612540089525282
5.8589511559112
5.616036793915555
1.6040779419708997
0.6345975178992376
0.6185956869740039
7.617713790968992
1.6153923230012879
0.6749156949808821
7.888908528955653
1.6228855439694598
6.606061809929088
1.6098612389760092
5.622592563042417
7.876398087944835
1.8471110870596021
5.592054306063801
5.589981780038215
5.832294857013039
0.6353494699578732
5.604178508976474
5.6171630680328235
7.614200233016163
1.6171605079434812
8.143171992036514
1.668940356001258
0.6041641880292445
0.6841272319434211
5.612736609997228
7.887508040992543
1.6116220179246739
0.6092884050449356
0.6184944259002805
10.122696338919923
7.884545675013214
1.6037304679630324
5.59832348593045
8.422606893931516
1.60451063408982
13.886197619023733
9.087184096919373
1.6149229110451415
7.116930616903119
1.5988799229962751
0.6855310250539333
11.098519757972099
1.8034048520494252
0.8484948400873691
0.553826788906008
5.633435621042736
5.618262349045835
8.84517424099613
1.8631026010261849
5.3463660249253735
18.662334308959544
12.339321494102478
11.101102825021371
6.5901630610460415
1.1031348169781268
24.881084786029533
5.575002831988968
5.60106865002308
5.608099863049574
5.608224328956567
5.599896183004603
5.605175273958594
11.85541863902472
10.092218274017796
19.138034860021435
22.343991008005105
11.853437040001154
11.321987638017163
9.576807092991658
9.304903271025978
9.098871449008584
5.592514347983524
5.577504243934527
17.33044883806724
10.097512808977626
16.129364934982732
10.345278366003186
9.805220873095095
9.330276623019017
9.588168467977084
9.361000624950975
33.59660437295679
15.845542046939954
14.828583605005406
14.815439690020867
9.575443890993483
9.075223471038043
34.092983670998365
10.849625081988052
10.092116489075124
9.837921636062674
8.352122392971069
11.641429551993497
12.099524133023806
9.362737698014826
11.424068238935433
15.587788299075328
11.7065069420496
9.867277996963821
8.618062245077454
15.673358591040596
5.596207296941429
5.590657260036096
5.592908123973757
5.593312299926765
5.592498261015862
5.624030165025033
12.112163870013319
12.348590341047384
6.1665364189539105
5.594736752915196
5.59972433000803
14.429763771011494
13.615432480932213
5.664130310062319
16.6205009809928
36.36213424510788
14.923920697998255
9.818220632034354
15.325412473990582
42.55636373895686
28.023780701099895
24.791933696018532
11.150002537993714
20.794876453932375
1.3453458780422807
17.81172196310945
18.299843122949824
13.794386054039933
18.3480626239907
15.36578609701246
14.026450561010279
11.027857178007253
10.528226219932549
