0.04238846899988857
0.01173538499915594
0.0067433029998937855
0.044200575000104436
0.007810050999978557
0.012098080999749072
0.016372510999644874
0.016718068999580282
0.009231166999597917
0.00694506200034084
0.012336271000094712
0.006753030000254512
0.009717983999507851
0.03919794700050261
0.04145922200041241
0.00979690600070171
0.013245185999039677
0.012234228001034353
0.012364703999992344
0.011128248999739299
0.008088113001576858
0.008613001999037806
0.006302371999481693
0.006413637998775812
0.007158276999689406
0.006929897999725654
0.007627695998962736
0.006796939998821472
0.007489572999475058
0.007064285000524251
0.006583847998626879
0.00668994800071232
0.008356919999641832
0.00697217000015371
0.006365584999002749
0.0076909269992029294
0.009402200999829802
0.006281828000282985
0.006613879999349592
0.006118719998994493
0.007412805998683325
0.006075785999200889
0.007044649000818026
0.008169958000507904
0.008881660000042757
0.0072112919988285284
0.008382066998819937
0.012912596999740344
0.021633231001032982
0.016709579000234953
0.0064845520009839674
0.007246054999995977
0.007941861000290373
0.007437200998538174
0.006989769999563578
0.007670896999115939
0.008068535000347765
0.013983327000460122
0.010616768999170745
0.014228607000404736
0.012895158999526757
0.011614875000304892
0.010755814999356517
0.009454696000830154
0.009221412999977474
0.008197459999792045
0.009355735001008725
0.006838219000201207
0.01665013599995291
0.02383855100015353
0.025698161000036635
0.04209159000311047
0.016422608052380383
0.019304937915876508
0.015775114996358752
0.01378353196196258
0.007613371009938419
0.012369247036986053
0.011572739924304187
0.008741719997487962
0.008059478946961462
0.011618899996392429
0.011873562936671078
0.011660658055916429
0.007687888923101127
0.0066364959347993135
0.006333200028166175
0.006334826932288706
0.006305921939201653
0.011811313917860389
0.011441087001003325
0.012085495982319117
0.006204986944794655
0.00600052101071924
0.006778602954000235
0.0071005120407789946
0.008104808046482503
0.017872855067253113
0.00719823210965842
0.0065670759649947286
0.02297862304840237
0.019287339062429965
0.017924932995811105
0.012660549022257328
0.023426095955073833
0.026116858003661036
0.03174999507609755
0.0383338569663465
0.012547270045615733
0.01929567300248891
0.013522183988243341
0.012931648991070688
0.006541537004522979
0.009931246982887387
0.018127594026736915
0.01797994098160416
0.020337335066869855
0.022910805069841444
0.01993109902832657
0.01744258392136544
0.01961566600948572
0.00957585801370442
0.0114829340018332
0.013073298963718116
0.009419668931514025
0.010106952977366745
0.012970712035894394
0.008660017047077417
0.013950444059446454
0.011100730043835938
0.011797268991358578
0.013719459995627403
0.014964352012611926
0.020212789066135883
0.011652668006718159
0.012038345099426806
0.0187024159822613
0.005447391071356833
0.00470975402276963
0.004984335973858833
0.005278682103380561
0.00714947294909507
0.006837919936515391
0.005409231991507113
0.007073962944559753
0.009620643919333816
0.006137159070931375
0.005042926990427077
0.02400411106646061
0.04197358398232609
0.013137086993083358
0.027698806021362543
0.02034718997310847
0.029593073995783925
0.012607926968485117
0.010880181915126741
0.016110680997371674
0.014585315017029643
0.019990817992947996
0.04500593093689531
0.01677952299360186
0.025001712958328426
0.03125598293263465
0.0150369229959324
0.011851983959786594
0.06004541600123048
0.017293420038186014
0.014546600985340774
0.020598951959982514
0.016906641074456275
0.01688543998170644
0.032930381945334375
0.02105262305121869
0.024664239957928658
0.049454357009381056
0.02265667705796659
0.01927000202704221
0.022375636966899037
0.03488728799857199
0.022967734024859965
0.02097948093432933
0.020891195978038013
0.025395671953447163
0.030292081064544618
0.021838115993887186
0.04958130803424865
0.02004561002831906
0.02026879892218858
0.038349756971001625
0.016933991922996938
0.0170586189487949
0.025049293064512312
0.015652901027351618
0.014567026984877884
0.02379335800651461
0.024043123004958034
0.027244939003139734
0.022305179969407618
0.010179353994317353
0.0343755540670827
0.031112722936086357
0.03529805305879563
0.05336593301035464
0.011025817017070949
0.011429912992753088
0.05426351400092244
0.011851806077174842
0.04162299691233784
0.007894798065535724
0.007704267045482993
0.05279753706417978
0.012691678013652563
0.013148972997441888
0.017810667981393635
0.013349438086152077
0.014642674010246992
0.021716656046919525
0.008994159987196326
0.019020378007553518
0.014713893993757665
0.012172654969617724
0.020906363963149488
0.022646034019999206
0.04380032897461206
0.010380764957517385
0.05407806497532874
0.007441731984727085
0.015471269027329981
0.00850536092184484
0.009331302950158715
0.009069791063666344
0.014227736974135041
0.007945153978653252
0.007853069924749434
0.00890848704148084
0.008035092032514513
0.009376691072247922
0.014593016006983817
0.008715969044715166
0.009122614050284028
0.009821006911806762
0.007911543012596667
0.015645125065930188
0.008273622952401638
0.009022416081279516
0.007767798029817641
0.009553979965858161
0.007874208968132734
0.013783124973997474
0.00856592203490436
0.00729749898891896
0.007446847972460091
0.03874616208486259
0.028808820992708206
0.018801860976964235
0.044471992063336074
0.04221686895471066
0.009575559990480542
0.006095706019550562
0.011682069045491517
0.007211609045043588
0.006904345005750656
0.007899894029833376
0.007675928995013237
0.00652973901014775
0.006104353000409901
0.008347308030351996
0.007447093958035111
0.0063498279778286815
0.006621737033128738
0.04271175805479288
0.046471341047436
0.012707156012766063
0.04893442103639245
0.03852513898164034
0.04564618202857673
0.04141908697783947
0.04988300893455744
0.04792591102886945
0.010085465968586504
0.04471521999221295
0.009291968075558543
0.021133542992174625
0.015272916061803699
