0.0034575429999677
0.006695368000691815
0.0025239619999410934
0.0022251399996093824
0.0031915770005070954
0.007646936000128335
0.00888931700046669
0.011836861999654502
0.0034328769997955533
0.002272798999911174
0.007365743999798724
0.0020653529991250252
0.0033737029998519574
0.0025312849993497366
0.0034609969989105593
0.003481255000224337
0.007820904000254814
0.00715500600017549
0.00797185199917294
0.006818080000812188
0.002068566000161809
0.0018802739996317541
0.0014578010013792664
0.0015481909995287424
0.0019347320012457203
0.0014005550001456868
0.0021630690007441444
0.0015426120007759891
0.0017626209992158692
0.0014806630006205523
0.001368897999782348
0.001584865000040736
0.002002383000217378
0.001677369000390172
0.0015266209993569646
0.002345021999644814
0.002521997999792802
0.0013895919983042404
0.0014968970008339966
0.0016607960005785571
0.0027223859997320687
0.001405622999300249
0.0016046500004449626
0.003624794999268488
0.0021705229992221575
0.002326001998881111
0.0029842280000593746
0.005644468999889796
0.015422015998410643
0.011080902000685455
0.001456579999285168
0.001622329999008798
0.0020941409984516213
0.0014984600002208026
0.001730808000502293
0.002156438000383787
0.0037645120009983657
0.008052028000747669
0.004159025998887955
0.007980419000887196
0.007911463000709773
0.004703738000898738
0.0038599760009674355
0.002761817999271443
0.002570938999269856
0.001830215000154567
0.0027198480001970893
0.001898275999337784
0.009103615000640275
0.01728478200129757
0.017466814000727027
0.002682561998881283
0.003791975999774877
0.008113824000247405
0.009650205998696038
0.0073647999997774605
0.0019097990007139742
0.009515199999441393
0.01327260400103114
0.022097559000030742
0.019605542000135756
0.01277296300031594
0.002708862000872614
0.006944770000700373
0.007453653999618837
0.0020266359988454496
0.010831753999809735
0.006718114998875535
0.006702009000946418
0.0023119339984987164
0.0012242220000189263
0.004232581006363034
0.002868112991563976
0.0038425589445978403
0.010164731065742671
0.013899674988351762
0.009403307922184467
0.0071257599629461765
0.002177536953240633
0.00701074895914644
0.006718439981341362
0.002792679937556386
0.0017026549903675914
0.006899259984493256
0.006498166010715067
0.006771820015273988
0.0015416049864143133
0.0012087030336260796
0.0012420479906722903
0.0012132980627939105
0.0012185779633000493
0.006397429038770497
0.006322355009615421
0.006627355003729463
0.0011385390534996986
0.0011984020238742232
0.001311550964601338
0.0017768429825082421
0.0016426090151071548
0.012674935976974666
0.0019344890024513006
0.0014824670506641269
0.01788056595250964
0.013982278062030673
0.01232646603602916
0.005977121996693313
0.015790524892508984
0.021203113021329045
0.026920569012872875
0.03314426296856254
0.0061016499530524015
0.014188708970323205
0.008332544006407261
0.007468099007382989
0.0015395190566778183
0.0048244280042126775
0.01275680202525109
0.012132911942899227
0.01412279496435076
0.017404014943167567
0.012577774003148079
0.01197065506130457
0.012999339029192924
0.004319232073612511
0.004702616948634386
0.00768150098156184
0.00413896597456187
0.0041758379666134715
0.00787842005956918
0.0036907129688188434
0.007327849045395851
0.006626621005125344
0.006716064992360771
0.0069596359971910715
0.009744595969095826
0.013502756017260253
0.0064867950277403
0.006641787011176348
0.013006242923438549
0.0008587409975007176
0.0007608269806951284
0.0007952420273795724
0.0008200720185413957
0.001163821085356176
0.001144647947512567
0.0008573329541832209
0.0011212049284949899
0.0012260610237717628
0.0008896900108084083
0.0008114279480651021
0.0008449539309367537
0.003493922995403409
0.007232815958559513
0.021691088913939893
0.014670512988232076
0.023135969997383654
0.007848438923247159
0.004508891957812011
0.009678027010522783
0.008884054026566446
0.012866343022324145
0.005100099951960146
0.0038505590055137873
0.019683607970364392
0.023907828028313816
0.009641948039643466
0.0066263769986107945
0.020799922989681363
0.011584272026084363
0.009367163991555572
0.014962323009967804
0.010771056986413896
0.011340981000103056
0.027373156044632196
0.01476907404139638
0.019126586033962667
0.009068817947991192
0.016282257973216474
0.013994368957355618
0.015542241977527738
0.024063215008936822
0.013999131042510271
0.014020973001606762
0.015867160982452333
0.01816800597589463
0.024849559064023197
0.01583115104585886
0.01217744208406657
0.01262052496895194
0.014767601969651878
0.030881796963512897
0.011034341994673014
0.011741593014448881
0.01951475301757455
0.010667638038285077
0.009625684004276991
0.01758478907868266
0.017227620002813637
0.020609418977983296
0.015161384013481438
0.0045126950135454535
0.02720906410831958
0.025329041993245482
0.02896067500114441
0.012876937980763614
0.003852565074339509
0.004920829087495804
0.014955813065171242
0.003898315946571529
0.0022337540285661817
0.00248640903737396
0.001956501044332981
0.0147891960805282
0.0076662960927933455
0.008129024994559586
0.010042442008852959
0.00833050103392452
0.008364302921108902
0.014336816966533661
0.0037502790801227093
0.012406355002894998
0.009602801990695298
0.005349244922399521
0.014758729026652873
0.016525991959497333
0.004225058946758509
0.004381102975457907
0.014373877085745335
0.002317055012099445
0.00946798303630203
0.003482782980427146
0.003967523109167814
0.0036561060696840286
0.006386621040292084
0.0031344020972028375
0.0029884440591558814
0.0034108939580619335
0.0029904349939897656
0.004291257006116211
0.006980867008678615
0.0029608169570565224
0.003943786025047302
0.0041386219672858715
0.0031231880420818925
0.008029037970118225
0.0030185009818524122
0.003761493950150907
0.0031523200450465083
0.003841069061309099
0.0031604740070179105
0.005787722067907453
0.0033988390350714326
0.002840636996552348
0.00281212804839015
0.001955196959897876
0.02352213696576655
0.01371744298376143
0.006543955998495221
0.002742903074249625
0.0021884170128032565
0.0013981569791212678
0.0037374309031292796
0.0015245650429278612
0.0015540720196440816
0.0019121409859508276
0.0016023550415411592
0.001401545014232397
0.0012748480075970292
0.0019382060272619128
0.0020333180436864495
0.00133058603387326
0.0014243250479921699
0.0033231700072064996
0.007905089063569903
0.005131854908540845
0.00964020797982812
0.0321859399555251
0.006355752004310489
0.002492286963388324
0.010054629994556308
0.008816948044113815
0.003933500032871962
0.006648025941103697
0.002721815020777285
0.014287151047028601
0.008275634958408773
