0.0481119949999993
0.006057924999936404
0.006561534999946161
0.005551607000029435
0.006018529000016315
0.007423997000046256
0.0070257460000675565
0.007033702000057929
0.0058969219999198685
0.006603421000022536
0.006078237999986413
0.00705074000006789
0.006724367999936476
0.007109389999982341
0.006717303000073116
0.006802535000019816
0.006531268000003365
0.006432419000020673
0.007041578999974263
0.006527068999957919
0.006263436000040201
0.005304217000002609
0.006251852999980656
0.006766533000018171
0.007133430000067165
0.0067929199999525736
0.005984163999983139
0.05666962899999817
0.005720807999978206
0.005368378999946799
0.006796302000111609
0.005761054000004151
0.006881091999957789
0.006673709000097006
0.005397704999950292
0.006070532999956413
0.006371595000018715
0.006146458000102939
0.0059946700000637065
0.005367518999946697
0.007436288999997487
0.005655575999981011
0.007408036000015272
0.006931429000132994
0.005493036999951073
0.006711020000011558
0.005706182000039917
0.005548834000137504
0.006777267999950709
0.007028184000091642
0.007016782999926363
0.005296254000086265
0.005887306999966313
0.006022181999924214
0.0058797119997962
0.007055387000036717
0.005711613999892506
0.007710552999924403
0.006789874000105556
0.00600171699989005
0.007881568999891897
0.006823317999987921
0.006154706999950577
0.006742563999978302
0.00618815200004974
0.005460868999989543
0.006570307999936631
0.006664998000132982
0.006692331000067497
0.006286620000082621
0.007818691000011313
0.006414733000156048
0.005607108000049266
0.005275297000025603
0.006860910999876069
0.006979215999990629
0.007986570999946707
0.006968055000015738
0.007448449000094115
0.007652116999906866
0.006265550000080111
0.007312900999977501
0.006690046999892729
0.0058585759998095455
0.0057838230000015756
0.005837115000076665
0.005636675000005198
0.0057343599999057915
0.006232908999891151
0.006140402000028189
0.006440812999926493
0.0066988630001105776
0.006768317000023671
0.006660121000095387
0.005289466000022003
0.006620384999905582
0.005623381000077643
0.006900057000166271
0.005376410000053511
0.006879478999962885
0.0065192120000574505
0.006226638000043749
0.005871793000096659
0.007482945999981894
0.006891721999863876
0.007025114999805737
0.007178117000194106
0.005371261999925991
0.006953479999992851
0.006636929000023883
0.0071506449999105826
0.005827078000038455
0.006721900000002279
0.005755804000045828
0.0057357350001439045
0.007167787000071257
0.005643929999905595
0.005801840000003722
0.006041855999910695
0.007704807999971308
0.006352438000021721
0.00639415600016946
0.00677752599995074
0.005830014000139272
0.007118443999843294
0.007854131999920355
0.006061574000113978
0.006865462999940064
0.007407483999941178
0.005894035999972402
0.006602753000152006
