0.24505986399992707
0.0825245390000191
0.10560741400001916
0.06525479200001882
0.09211917700008598
0.09475292899992382
0.10116328100002647
0.0927744260000054
0.10725415299998531
0.09076910299995689
0.09085326499996427
0.060335659999964264
0.09760140999992473
0.1286945880000303
0.09870116799993411
0.0688475390001031
0.10083792199998243
0.0969201460000022
0.10451609500000814
0.10661460400001488
0.10505913200006489
0.11092314799998348
0.075035539000055
0.06606415199996718
0.09536030200001733
0.08804901500002416
0.06338642700006858
0.2531700459999229
0.07003868700007843
0.06394357800013495
0.06044267899983424
0.06418632200006869
0.0652371310000035
0.0669829779999418
0.06233560000009675
0.06488066699989758
0.07330664799997066
0.07525197299992215
0.07181534600022133
0.07432329199991727
0.06941573000017343
0.07349831799979256
0.06681627300008586
0.0649923180001224
0.06852215600019917
0.06544622400019762
0.0663710329999958
0.06759865499998341
0.0708601839999119
0.06267619400000513
0.06326009599979443
0.06486053699995864
0.061338726999792925
0.07324162500003695
0.06525693399999
0.05990592700004527
0.06494794800005366
0.07495371899995007
0.14738217900003292
0.08121003399992333
0.07874278400004187
0.07206162800002858
0.09367112099994301
0.07064783500004523
0.10236887799987926
0.07896275300004163
0.09506969400013077
0.0857508599999619
0.10703521699997509
0.06371022899998025
0.06038029999990613
0.06810543500000676
0.10995615299998462
0.06945700400001442
0.12120082000001275
0.09874699000010878
0.10537370800011558
0.07161747300006027
0.09145154500015451
0.08354692099987915
0.11000616599994828
0.08509107800000493
0.10761372100000699
0.09826280699985546
0.13565250199985712
0.06547803699982069
0.11128430100006881
0.10759531999997307
0.08424041500006751
0.06592555099996389
0.09853389799991419
0.10248097099997722
0.06233283200003825
0.10412135999990824
0.10647413299989239
0.09960989600017456
0.06481692800002747
0.07723528800011081
0.07351173000006384
0.08039563800002725
0.07696665999992547
0.057857612999896446
0.06302588900007322
0.06616405800014036
0.0646124970000983
0.06589879200009818
0.06458836199999496
0.06349929099997098
0.05989886599991223
0.060095561000025555
0.06335441800001718
0.05791160899980241
0.059786143000110314
0.06845631900000626
0.07135595999989164
0.06505164500003957
0.06529650000015863
0.0665041879999535
0.06526354800007539
0.07082020300003933
0.06146096099996612
0.06659485099999074
0.06553460600002836
0.06501273399999263
0.0632782860000134
0.06848507500012602
0.0657867150000584
0.0625222290000238
0.058930399999781
0.06598752799982321
0.06437834799999109
