0.1029377199999999
0.01390248900008828
0.012828116999912709
0.016636218000030567
0.012426208000078987
0.016066247000026124
0.012119428999994852
0.013172445999998672
0.015216151000004174
0.012899442999923849
0.012871578000044792
0.011435440000013841
0.012012898999955723
0.01325481599997147
0.01515150000000176
0.011892335999959869
0.01221209400000589
0.014012575000037941
0.011912890999951742
0.012504877999958808
0.016793098999983158
0.01654086799999277
0.01489311699992868
0.012862315999996099
0.014540692000082345
0.02581013899998652
0.01523598799985848
0.10697173800008386
0.017221948000042175
0.017516206999971473
0.012847828000076333
0.015975510000089344
0.017647688999886668
0.018559017999905336
0.015554481999970449
0.01624779900021167
0.014862676999882751
0.016780421000021306
0.01569363799990242
0.016181744000050458
0.013154893999853812
0.018412866000062422
0.012843009999869537
0.01357400099982442
0.01819801700003154
0.012532464000059917
0.017657822000046508
0.018666687999939313
0.015050519999931566
0.012595894000014596
0.011042823000025237
0.01622973999997157
0.009167421000029208
0.016146402000003945
0.015850568999894676
0.011142442999926061
0.016699352999921757
0.01619967400006317
0.026352822000035303
0.015804593999973804
0.02074890299991239
0.011464850000038496
0.014882717000091361
0.01340921599989997
0.013419916999964698
0.018357601999923645
0.017490395999857355
0.014728444999946078
0.012934125000128915
0.0160614290000467
0.01202375499997288
0.017552794000039285
0.018258085000070423
0.016873923000048308
0.013673591000042506
0.015833475999897928
0.01307874099984474
0.014806605999865496
0.011490701999946396
0.021174178000137545
0.012344806000101016
0.013334016999806408
0.013130249000141703
0.012621683000133999
0.017082481999977972
0.016693952999958128
0.01768741199998658
0.017429032000109146
0.01436877299988737
0.015786259000151404
0.017473306000056255
0.013109410999959437
0.011512935000155267
0.01197037400015688
0.017468325999971057
0.012506496000014522
0.011767539999937071
0.013983654999947248
0.014396428000054584
0.019357508999974016
0.01713987499988434
0.010630098000092403
0.01580150099994171
0.01159175799989498
0.011937643999999636
0.014623229999870091
0.01143197299984422
0.015359309999894322
0.01177596699994865
0.012615031999985149
0.01246388599997772
0.010606726000105482
0.010834849000048052
0.014112640999883297
0.014344569999821033
0.011313467000036326
0.014853108000124848
0.0162597440000809
0.015614136000067447
0.009895674000063082
0.009538525000152731
0.01404002300000684
0.01270118800016462
0.016426970999873447
0.009919207999928403
0.012954479999962132
0.014393756000117719
0.012220843999784847
0.00905953500000578
0.015855896999937613
0.009585002999983772
