0.13080784599969775
0.054125498999383126
0.030021882000255573
0.1300568619999467
0.0499534330001552
0.03543113700015965
0.02239051600008679
0.026355773999966914
0.05619732400009525
0.04883928099934565
0.05833050399996864
0.055163971000183665
0.03330021200054034
0.1262507999999798
0.13610953599891218
0.03406212000118103
0.030668024000988225
0.03715640500013251
0.033166470000651316
0.034256786999321776
0.03130184899964661
0.03744249600094918
0.032389038999099284
0.03163860199856572
0.035079968998616096
0.03695203300048888
0.02895245899890142
0.047391972000696114
0.037529299001107574
0.03488313100024243
0.037826230998689425
0.039238343999386416
0.039442675000827876
0.03813207799976226
0.038189360000615125
0.038132428999233525
0.04233728700091888
0.03975812499993481
0.039364807000310975
0.03272910099985893
0.03793759700056398
0.03818469600082608
0.04735788900143234
0.0385726220010838
0.04164694700011751
0.049118614000690286
0.03368848399986746
0.028606959000171628
0.042908625000563916
0.05996912500086182
0.05053141500138736
0.037218964000203414
0.03757296900039364
0.027530428998943535
0.04151158299828239
0.04407478000030096
0.03980992300057551
0.03513064800063148
0.03068276400153991
0.027530335000847117
0.030964777999543003
0.02762434499891242
0.052526882998790825
0.04768147899994801
0.024104518999592983
0.02996356299991021
0.02103969999916444
0.024458415999106364
0.027046835999499308
0.04950929900041956
0.06588064000061422
0.15237488795537502
0.03208710195031017
0.02836453600320965
0.027587149059399962
0.03747731808107346
0.03503798390738666
0.025690366979688406
0.03005866997409612
0.03486186591908336
0.03666106902528554
0.03913286293391138
0.032849336974322796
0.03332355199381709
0.03414807398803532
0.02880506601650268
0.027011824073269963
0.03340777300763875
0.03163113596383482
0.032119852025061846
0.03691522602457553
0.030226978939026594
0.03629029600415379
0.029651240911334753
0.030182642047293484
0.03277389705181122
0.024654786102473736
0.027118511963635683
0.035294344066642225
0.030612958944402635
0.029444404994137585
0.027724501094780862
0.023774091037921607
0.043228764086961746
0.03923673101235181
0.0383977210149169
0.0375961649697274
0.03395851794630289
0.03287383203860372
0.0324428069870919
0.028704480035230517
0.03404325502924621
0.03458882903214544
0.02688324695918709
0.031128350063227117
0.029618820059113204
0.03425528493244201
0.024196782032959163
0.04030833998695016
0.02637259801849723
0.027770480955950916
0.03088751796167344
0.03380647499579936
0.0331667959690094
0.028873931034468114
0.030868496978655457
0.032810603035613894
0.04679588903672993
0.0414264410501346
0.0376500990241766
0.03429000999312848
0.04178877198137343
0.02914132399018854
0.042713064001873136
0.023246036027558148
0.024188946932554245
0.034852217067964375
0.06767068605404347
0.06601069401949644
0.0666527469875291
0.0614332890836522
0.10108799498993903
0.10344571899622679
0.10310337296687067
0.11431924905627966
0.10449440497905016
0.10736080294009298
0.10069075401406735
0.12401604803744704
0.14669129496905953
0.04328430991154164
0.028336264076642692
0.029543144977651536
0.03017835901118815
0.03200656198896468
0.03279658802784979
0.046953787910752
0.029990168986842036
0.03488783200737089
0.16302489303052425
0.03843743202742189
0.03614046599250287
0.0265362550271675
0.037814207025803626
0.026966906967572868
0.14431023399811238
0.03224451106507331
0.026305250939913094
0.029929404030553997
0.032316411030478776
0.03264309698715806
0.03192939097061753
0.0333911320194602
0.03035348793491721
0.15760491299442947
0.02814852597657591
0.0311370330164209
0.031008837977424264
0.04217994993086904
0.03949002095032483
0.04165364301297814
0.02869407006073743
0.0447256249608472
0.03952411701902747
0.03368225391022861
0.14320063893683255
0.0258052529534325
0.032954612048342824
0.040620080078952014
0.0307594999903813
0.03152239404153079
0.030113529064692557
0.038915432058274746
0.0323062950046733
0.032253828016109765
0.044212754000909626
0.04190556495450437
0.04038801707793027
0.029949483927339315
0.03605313994921744
0.031505891936831176
0.03300282103009522
0.1545229268958792
0.03471297107171267
0.030027147033251822
0.1496819530148059
0.05359698797110468
0.13397042301949114
0.02702512708492577
0.031386986025609076
0.15158438601065427
0.04508102498948574
0.05178832495585084
0.047855345997959375
0.05057587695773691
0.05509322904981673
0.0352150050457567
0.034732559928670526
0.03738319291733205
0.03387591801583767
0.04163845395669341
0.04144808405544609
0.03619629191234708
0.15358585002832115
0.03485803201328963
0.14435963798314333
0.030307454988360405
0.026176115963608027
0.04371470399200916
0.054744475055485964
0.04685151495505124
0.05686179001349956
0.04156850301660597
0.04047178209293634
0.05541542696300894
0.0512983730295673
0.04980383801739663
0.05422696995083243
0.04911883396562189
0.042210050974972546
0.050668217008933425
0.04733319499064237
0.048281731898896396
0.06259477999992669
0.04940706992056221
0.0412710290402174
0.03762705100234598
0.04993733507581055
0.04542941693216562
0.04309610789641738
0.04350218898616731
0.04917683801613748
0.14408648200333118
0.05029985401779413
0.06191423593554646
0.1504474129760638
0.15326425293460488
0.03996579104568809
0.04363996197935194
0.04907520301640034
0.05623281595762819
0.056404312956146896
0.04065441305283457
0.04782936198171228
0.04267097800038755
0.042313541984185576
0.04269974597264081
0.03405399795155972
0.031198440003208816
0.03886766405776143
0.14515440992545336
0.15201062499545515
0.04314380802679807
0.14746494602877647
0.034861726919189095
0.1329818950034678
0.12519638403318822
0.1266786609776318
0.12859199906233698
0.03355404804460704
0.13954540702980012
0.05930284201167524
0.056700640940107405
0.04749644408002496
