0.2546820730003674
0.1067003210000621
0.07528951200038136
0.25918898199961404
0.09862724100003106
0.08601668300070742
0.07686250900042069
0.08356086299954768
0.10539918499944179
0.09612360399933095
0.10985036800047965
0.10046230799980549
0.08302358599939907
0.2476737230008439
0.26129190400024527
0.10279234500012535
0.11361635400135128
0.08853868799997144
0.0873154050004814
0.08686280899928533
0.07937909100110119
0.08509234499979357
0.08094684000025154
0.08099287400000321
0.08254231300088577
0.11449430600077903
0.07996883100167906
0.09967927500110818
0.09068656400086184
0.09651767000104883
0.0830441329999303
0.08929987299961795
0.08827509799994004
0.11150882299989462
0.08839301399893884
0.08757470899945474
0.09581558600075368
0.09260741999969468
0.08753446199989412
0.08400837499902991
0.08754170199972577
0.12124359700101195
0.09957564499927685
0.09523321399865381
0.09674122700016596
0.0999834419999388
0.08881585900053324
0.08288407799955166
0.10759659199902671
0.11928595899917127
0.0989308179996442
0.0885165039999265
0.08721703800074465
0.08075762500084238
0.09918983900024614
0.10117379700022866
0.09599496299961174
0.09437403100127995
0.08997199399891542
0.10462219299915887
0.09154706099980103
0.08301206000032835
0.10717391099933593
0.09934445699946082
0.07570599800055788
0.0836042989994894
0.07367446699936409
0.07426485699943441
0.08521045700035756
0.11535212200033129
0.13307374699979846
0.32458146603312343
0.10894750501029193
0.10968979506287724
0.10530802304856479
0.11381145496852696
0.10414491198025644
0.09862894401885569
0.10242020594887435
0.10456339200027287
0.10643039899878204
0.10951219289563596
0.10494943405501544
0.1093171329703182
0.10289208602625877
0.09651646204292774
0.09441860299557447
0.10017557593528181
0.0971039670985192
0.10522221901919693
0.10970894794445485
0.1017754441127181
0.10391248704399914
0.09458535595331341
0.09996102994773537
0.10039533406961709
0.09354151401203126
0.10478692909236997
0.10182376997545362
0.09702113107778132
0.11373461794573814
0.106558782979846
0.10073891095817089
0.11451186600606889
0.1230659339344129
0.12578303599730134
0.12896355194970965
0.13319764495827258
0.10516478901263326
0.11325926601421088
0.1022029600571841
0.1097741739358753
0.1019477880327031
0.09704611508641392
0.10945275507401675
0.10719824198167771
0.11670228803995997
0.10506754892412573
0.12112347001675516
0.10245204996317625
0.10666447505354881
0.10287289205007255
0.10560814896598458
0.1060956729343161
0.09888297598809004
0.10103868402075022
0.10553864296525717
0.11578365205787122
0.11897110589779913
0.10944063006900251
0.10773537692148238
0.11500900599639863
0.10371482302434742
0.13295766501687467
0.10174540907610208
0.10148760094307363
0.12091493199113756
0.14161878603044897
0.13600455597043037
0.1407667010789737
0.13049093505833298
0.17625176394358277
0.17208468704484403
0.17689657805021852
0.18415908294264227
0.18082434800453484
0.17518421402201056
0.17126677697524428
0.21136166900396347
0.3041451619938016
0.11896979005541652
0.12436239805538207
0.11537646397482604
0.12710958102252334
0.10715425293892622
0.10521074803546071
0.12479431193787605
0.10705527209211141
0.12561782996635884
0.3276704150484875
0.1165981029625982
0.12403022893704474
0.1292703830404207
0.11473479901906103
0.7025680500082672
0.3593201069161296
0.13294076593592763
0.12048748601227999
0.11259105405770242
0.10985314194113016
0.12147304299287498
0.13545440905727446
0.11540977796539664
0.12610766699071974
0.3522808849811554
0.11192012799438089
0.10974930401425809
0.14490499102976173
0.13665702904108912
0.16348457906860858
0.12148135202005506
0.14788507507182658
0.1412335019558668
0.14047949702944607
0.11736587109044194
0.35904076392762363
0.11559462104924023
0.16507649200502783
0.13893212703987956
0.129965343978256
0.11162372899707407
0.14342170697636902
0.11888107901904732
0.14101238106377423
0.15258924604859203
0.14390854397788644
0.14295957598369569
0.14791488100308925
0.1178806689567864
0.13101329805795103
0.13418377004563808
0.12808943097479641
0.34826804301701486
0.10467762604821473
0.10053333593532443
0.31603074399754405
0.12465420598164201
0.28428415895905346
0.0942927619908005
0.09995002392679453
0.31744674395304173
0.11963064596056938
0.12596013606525958
0.12789144704584032
0.1258489980828017
0.13109079597052187
0.11619257496204227
0.1064712080406025
0.11903676495421678
0.10957452305592597
0.11467790696769953
0.12223550397902727
0.1184867670526728
0.3101547679398209
0.10551927797496319
0.3267346059437841
0.09711273107677698
0.10776796599384397
0.11431418603751808
0.12598518305458128
0.11824509594589472
0.13367542799096555
0.10958728403784335
0.10750133194960654
0.12636592995841056
0.12011531193275005
0.12063416396267712
0.1294066570699215
0.11967333999928087
0.11249619605951011
0.1232550119748339
0.11473157303407788
0.12384968798141927
0.13405814697034657
0.1209295610897243
0.10796545899938792
0.10689489997457713
0.11734190199058503
0.11749526299536228
0.11063147999811918
0.10838204994797707
0.11685160198248923
0.31653246004134417
0.13850913906935602
0.141714291065
0.3076627079863101
0.3166195129742846
0.11103641998488456
0.10933315893635154
0.12338783603627235
0.12382992706261575
0.12447195209097117
0.11070726998150349
0.11615862709004432
0.10759995109401643
0.10860201297327876
0.1107362910406664
0.10018453502561897
0.09608679090160877
0.10425542201846838
0.29750765999779105
0.3094537890283391
0.12075540202204138
0.3154903129907325
0.13777776493225247
0.29200759797822684
0.2840337320230901
0.2878817089367658
0.2972917449660599
0.12479633698239923
0.3737903699511662
0.18082536198198795
0.1902745550032705
0.1957154399715364
