0.0035961600000291583
0.004739288999985547
0.0042313010000043505
0.007087280000064311
0.004793284000015774
0.007684589000064079
0.007984641999996711
0.008436923999965984
0.005915302999937921
0.008282347999966078
0.008449726999970153
0.007315092999988337
0.0061143920000859
0.007348847000002934
0.00626809499999581
0.0034902569999530897
0.006236845999978868
0.004130207999992308
0.007989780000002611
0.0074396909999450145
0.008028781999996681
0.005360574999940582
0.006448529000067538
0.007669307000014669
0.006181029000003946
0.0039955500000132815
0.006075779000070725
0.004456419999996797
0.003816989999904763
0.006441577000032339
0.0041546850000031554
0.0068525190000627845
0.006453086999954394
0.0041870159999461976
0.004284380999934001
0.006458618000010574
0.006438268000010794
0.006149559000050431
0.004305630999965615
0.005798147000064091
0.005776927999932013
0.005547039000020959
0.005350132999978996
0.006105584000010822
0.007891409999956522
0.006844102000059138
0.004431792999980644
0.004055305000065346
0.006030100000089078
0.006827931999964676
0.006095243999993727
0.00444506700000602
0.006081589000018539
0.007003937000035876
0.00481713600004241
0.006115131999990808
0.004201232000013988
0.006731958000045779
0.006482592999986991
0.006611528999997063
0.0040464159999373805
0.006910858999958691
0.007039043000077072
0.006703463000008014
0.00427573400008896
0.006819995000000745
0.004366937999975562
0.006738519999998971
0.0069489400000293244
0.00427183600004355
0.006689998000069863
0.006158002999995915
0.00641939199999797
0.004043689999889466
0.006644749999964006
0.006341483000028347
0.006714241999929982
0.006510333000051105
0.00662473099998806
0.006069885000101749
0.005939837000028092
0.005929446999971333
0.0057903919999944264
0.006004680000046392
0.006252492000044185
0.006897411000068132
0.00446306900005311
0.006171628999936729
0.006857304000050135
0.006298459000049661
0.004451157000062267
0.0069876930000418724
0.0050531460000229345
0.003470747000051233
0.006771069999899737
0.006365336999920146
0.005686571999945045
0.0059452259999943635
0.0058065309999619785
0.004770174999976007
0.005514343000072586
0.0064909650000117836
0.006498851000060313
0.004021066000063911
0.00591656000005969
0.006084189000034712
0.0038070690000040486
0.0069092850000060935
0.0040682579999611335
0.006829270999901382
0.007023992999961592
0.005791801999976087
0.004260952999970868
0.006839380999963396
0.0062718079999513066
0.006478431000005003
0.0038855369999737377
0.006133733999945434
0.0036710589999984222
0.004352327999981753
0.005526476999989427
0.004246835999992982
0.0056073299999752635
0.006293448000064927
0.00611186200001157
0.004017999999973654
0.006815743999936785
0.006191613999931178
0.005715325999972265
0.004146816000002218
0.006745570000020962
0.005665941999950519
0.003442102999997587
0.0058946560000094905
0.004304455000010421
0.007037856000010834
0.006517636000012317
0.0037706390000948886
0.004436696999960077
0.006027670999969814
0.006959076000043751
0.005828890999964642
0.006096963000004507
0.006746872999997322
0.005850712999972529
0.0055042829999365495
0.006659764999994877
0.005659748999960357
0.005054475000065395
0.006543494999959876
0.006692668000027879
0.004166272000020399
0.006801084000016999
0.007106377000013708
0.00564820600004623
0.005782191999969655
0.006809249999946587
0.00557154199998422
0.004842169999960788
0.007004712000025393
0.006770355999947242
0.006388197999967815
0.005755521999958546
0.006859536999968441
0.0058288320000201566
0.005497379000075853
0.006617051999910473
0.006419907000008607
0.005291524999961439
0.00631332399996154
0.005355737999934718
0.005675098999972761
0.006551378000040131
0.004286621000005653
0.005711515999905714
0.006517472999917118
0.0065832080000518545
0.004272774000014579
0.006097852999914721
0.007158494999998766
0.005936003999977402
0.005366939999930764
0.00595188500005861
0.005050556000014694
0.004634554000062963
0.0070812779999869235
0.0043823229999588875
0.006334212000069783
0.007092256000078123
0.006577075999985027
0.004618963999973857
0.003624717999969107
0.006983419999983198
0.007328158000063922
0.005011021999962395
0.005998061000013877
0.007233696999946915
0.0038683129999981247
0.006958592999922075
0.00590332000001581
0.006082942999910301
0.006255393000060394
0.0064539390000390995
0.004434310999954505
0.006614617000082035
0.005712017000064407
0.006982018000030621
0.006523944000036863
0.006872839000038766
0.0047633880000148565
0.003925310999989051
0.006080117000010432
0.005788993000010123
0.006604798000012124
0.006358098000077916
0.006969782000055602
0.004418480000026648
0.007082137999987026
0.005962002999922333
0.005479661999970631
0.004389324999920063
0.007425811999951293
0.005981297999937851
0.005099998999980926
0.0065900590000183
0.0066337130000420075
0.0065323879999823475
0.005777198999908251
0.006850155000051927
0.004451584999969782
0.006553589999953147
0.006545863999917856
0.0062704690000146
0.005544446999920183
0.0069537409999611555
0.005763072000036118
0.005913237999948251
0.0067516679999926055
0.0063269070000160355
0.006422859999929642
0.006654893000018092
0.0066013000000566535
0.004101306000052318
0.005870556999980181
0.006100185000036618
0.0062932219999538574
0.0057731319999447805
0.006388724000089496
0.0057085979999556
0.004418539999960558
0.007188388000031409
0.006718432000070607
0.0065997440000273855
0.006491821000054188
0.006869852000022547
0.006837208999968425
0.0064013390000354775
0.006954102000008788
0.006747356000005311
0.004145269999980883
0.005847312000014426
0.0045531060000030266
0.0050769649999438116
0.005952844000034929
0.0058945309999671736
0.006726256999968427
0.005951969999955509
0.006966022999904453
0.004154484999958186
0.0053350869999349015
0.006799745999956031
0.006673926999951618
0.005364300999985971
0.0069146270000146615
0.005930790999968849
0.003953953999939586
0.0069622360000494155
0.004190504000007422
0.00722708099999636
0.006805177999922307
0.006555962999982512
0.004281827999989218
0.006389194000007592
0.007020698000019365
0.006720856000015374
0.004084541999986868
0.006625965000012002
0.0063969279999582795
0.0050306159999991
0.0067251649999207075
0.004656582999928105
0.006645492999950875
0.005873279999946135
0.0074398760000349284
0.004518848999964575
0.004413919000057831
0.0070195649999504894
0.0062922980000621465
0.004170806000047378
0.0060390370000504845
0.00400085300009323
0.0057475810000369165
0.00676888800001052
0.0056838590001007105
0.006828930000210676
0.006480226000121547
0.006305533000158903
0.006195563000119364
0.006545389999928375
0.008183981999991374
0.007189406999941639
0.004250777999914135
0.0073164999998880376
0.005314754999972138
0.004264154000111375
0.00783743100009815
0.004582219999974768
0.006617226999878767
0.007360502999972596
0.006794293999973888
0.007422281000117437
0.006815945999960604
0.006846634000112317
0.006909533999987616
0.004269934999911129
0.005962400000043999
0.00586993199999597
0.0057455460000710445
0.0031608110000433953
0.005071218000011868
0.004733956000109174
0.005021612000064124
0.0032057809999059828
0.005060560000174519
0.004072566000104416
0.004450823000070159
0.0034735389999696054
0.006204929999967135
0.006693307999967146
0.004197021999971184
0.003923562999943897
0.0070921440001257
0.006555886999876748
0.0058352000000923
0.004240503999881184
0.006241470000077243
0.0059275450000768615
0.0058325749998857646
0.0041490010000870825
0.003413947000126427
0.00622845599991706
0.005258056000002398
0.0052106760001606744
0.005406615999845599
0.00641445900009785
0.007014456999968388
0.006762859999980719
0.004294447999882323
0.005890173999887338
0.004384959999924831
0.003139658000009149
0.00517658300009316
0.004872514999988198
0.005142065999962142
0.006808206999949107
0.006708027000058792
0.0068317719999413384
0.0056136009998226655
0.006319480999991356
0.006275565999885657
0.006709480000154144
0.004579839999905744
0.0066959939999833296
0.006086279000101058
0.00428503000011915
0.00796565400014515
0.005648778000022503
0.005587511999920025
0.00606305499991322
0.006137715000022581
0.0056064180000703345
0.006716181999991022
0.006348156000058225
0.006358625000075335
0.0066298599999754515
0.0063804669998717145
0.0067421819999253785
0.005415656000195668
0.004580340000075012
0.0052557819999492494
0.005921366000166017
0.006122838999999658
0.0036663469998075016
0.005244129999937286
0.005697261000022991
0.005079688000023452
0.003426522000154364
0.00568445699991571
0.005554360000132874
0.006082000000105836
0.005478112999981022
0.0028793430001314846
0.005276120000189621
0.004591811999944184
0.00508084099988082
0.005482341999822893
0.004936127000064516
0.006037410000089949
0.00406384000007165
0.008168928000031883
0.007030714999928023
0.0075476399999843125
0.004770193000013023
0.007534292000173082
0.006754934000127832
0.0070251449999432225
0.004423494999855393
0.007858159999841519
0.007267165000030218
0.005946667999978672
0.006257299000026251
0.0039768760000242764
0.00764106599990555
0.008047367000017402
0.007752379000066867
0.004544832999954451
0.006566455999973186
0.007995660000005955
0.006676153999933376
0.0045283130000370875
0.007313513000099192
0.0068730069999674015
0.00634931200011124
0.005225056999961453
0.005478107000044474
0.005555575000016688
0.007458327999984249
0.006633793999981208
0.004579809999995632
0.008263850000048478
0.008164289999967878
0.007325989000037225
0.004626148999932411
0.007345665000002555
0.0077432210000552
0.007325045000015962
0.005066697000074782
0.004990079999970476
0.006893065999975079
0.00682824199998322
0.006469571000025098
0.0049052489998757665
0.0062243239999588695
0.007233582000026217
0.006327080999881218
0.005194388999825605
0.007228522999866982
0.00808209399997395
0.006287704999976995
0.004251626000041142
0.004937521000101697
0.006489109000085591
0.006109035000008589
0.006733422000024802
0.004090692000090712
0.0069223210000473046
0.006745506000015666
0.006394236999994973
0.004827441999850635
0.0064597620000768075
0.005923944999949526
0.007110028999932183
0.004797425000106159
0.004768930000182081
0.006937329000038517
0.006339083000057144
0.006094158999985666
0.00428696500011938
0.006193987999949968
0.007678328999872974
0.006059402000119007
0.00578606299995954
0.007485661999908189
0.007125226999960432
0.006237258999817641
0.0074432219998925575
0.0047713150001982285
0.006947517999833508
0.006736177999982829
0.006027592000009463
0.004254744000036226
0.006925706999936665
0.006366575999891211
0.006177406999995583
0.004173208000111117
0.006970764000016061
0.006165261999967697
0.005714047000083156
0.0040636710000399034
0.0048574279999229475
0.007627581999940958
0.0064419899999847985
0.007600469999943016
0.00429193399986616
0.0060662549999506155
0.006204116999924736
0.006618814999910683
0.0045308579999527865
0.006325908999997409
0.005475092000096993
0.006080934000010529
0.004352879999942161
0.004508867000140526
0.00640068099983182
0.006814296999891667
0.006449322999969809
0.004072568000083265
0.006118365000020276
0.006540065000081086
0.006582846999890535
0.004244715000140786
0.006302494000010483
0.006464633999939906
0.006091022999953566
0.0045654040000044915
0.005703525999933845
0.006836539000005359
0.006941959000187126
0.006159843999967052
0.004299357999798303
0.007056106000163709
0.007291584000086004
0.006706441000005725
0.004436217999909786
0.006355385000006208
0.00575306000018827
0.006160974999829705
0.007178541000030236
0.003522722000070644
0.0066179949999423116
0.0065062910000506236
0.006023253999956069
0.004206191000093895
0.006776414000114528
0.006334504999813362
0.006362146999890683
0.004238522000150624
0.005237121999925876
0.006755003999842302
0.006106271000135166
0.007441318000019237
0.005059311999957572
0.006606540999882782
0.006978107999884742
0.006552840000040305
0.004377417000114292
0.006601391999993211
0.006631620000007388
0.006458870999949795
0.005087035000087781
0.005904497999836167
0.005881052999939129
0.006164522000062789
0.005225087000098938
0.0034177549998730683
0.006395942000153809
0.006595601000071838
0.007802835999882518
0.006217592999973931
0.006614557000148125
0.006305100999952629
0.006116681000094104
0.0043508769999789365
0.007126480999886553
0.007219068000040352
0.0066589630000635225
0.0050082860000202345
0.004969993000031536
0.006688288000077591
0.006602935000046273
0.006738071999961903
0.004180543000074977
0.007073159000128726
0.006669160999990709
0.0068021849999695405
0.004019606999918324
0.005809416999909445
0.006904206999934104
0.0065918160000819626
0.006622763999985182
0.004105590999870401
0.007213006000029054
0.007215588999997635
0.006622211999911087
0.00451996800006782
0.006849533000149677
0.006866848000072423
0.006657198000084463
0.004841298999963328
0.007108725999842136
0.007516341999917131
0.006096823999996559
0.004744243999994069
0.0054441440001937735
0.006890873000202191
0.006462960000135354
0.006926661000079548
0.004249914999945759
0.006397455000069385
0.006584962000033556
0.005783006999990903
0.0042381920000025275
0.0053249489999416255
0.006841459999805011
0.0058169120000002295
0.0037911940000867617
0.005791202999944289
0.006999708999956056
0.007313937999924747
0.006328794999944876
0.00448423000011644
0.006862770999987333
0.006500402000028771
0.0062006709999877785
0.004479863000142359
0.00718026300000929
0.007261647999939669
0.006891425000048912
0.004955555999913486
0.005069491999847742
0.006810870999970575
0.007125520000045071
0.007103075000031822
0.004757650000101421
0.006987466000055065
0.007320630000094752
0.006572419000121954
0.00441990900003475
0.006590984000013123
0.007072768999933032
0.006745337000211293
0.004792677000068579
0.004528905999904964
0.006785253000089142
0.0065372220001336245
0.007094000000051892
0.006601271999898017
0.007064834000175324
0.007833103999928426
0.006330027999865706
0.0048301479998826835
0.007008687000052305
0.006350465999958033
0.007721942999978637
0.0052131659999758995
0.004949325000097815
0.006265494999979637
0.0067095880001488695
0.006088929000043208
0.004313267000043197
0.006570002999978897
0.007115559999874677
0.0060370119999788585
0.004425449000109438
0.005928055000140375
0.0071284059999925375
0.007697355000118478
0.0048170129998652556
0.0042058320000251115
0.007451889000094525
0.006505660999891916
0.006152040000188208
0.004267007999942507
0.006892968000101973
0.006744635999893944
0.006648893999908978
0.004221500999847194
0.006422163000024739
0.006894940999927712
0.0048786999998355896
0.0080810649999421
0.006126401000074111
0.006981775999975071
0.0066259800000807445
0.007536131000051682
0.004792287000100259
0.007014468000079432
0.007054565000089497
0.007479202000013174
0.004311831999984861
0.006999289999839675
0.007650857000044198
0.006477487999973164
0.004207075000067562
0.0038345469999967463
0.006985903999975562
0.007125140999960422
0.007193389000121897
0.004302735000010216
0.006013575999986642
0.007039767000151187
0.005660736000208999
0.004297666000184108
0.007306733999939752
0.005889672999956019
0.005485474000124668
0.004731941999807532
0.005028346000017336
0.006226600999980292
0.0061318020000271645
0.007607366000002003
0.004385072999866679
0.007435637999833489
0.006697626000004675
0.00641523999979654
0.004817223999907583
0.006058472999939113
0.00653407499999048
0.0066060720000677975
0.00552286499987531
0.005332662999990134
0.007355557999972007
0.0075664270000288525
0.00700624399996741
0.004780785999855652
0.007172729000103573
0.006755165999948076
0.0077319429999533895
0.006389209999952072
0.005333995999990293
0.004896704999964641
0.004563462000078289
0.00440153299996382
0.0043397860001732624
0.007054816999925606
0.006036149999999907
0.00634646999992583
0.004323096000007354
0.00595143000009557
0.006387849000020651
0.006169314000089798
0.004228055000112363
0.006046388999948249
0.008192698000129894
0.0060407280000163155
0.005438964999939344
0.005498998999883042
0.006823965999956272
0.00783703100000821
0.00803144099995734
0.004624597999963953
0.007232865000105448
0.007278943000073923
0.0065190679999886925
0.004902635999997074
0.005801735000204644
0.005631913000115674
0.0069620290000784735
0.005372478000026604
0.004724527999997008
0.0062912759999562695
0.005954875999805154
0.006599310000183323
0.004781245999993189
0.007171397000092838
0.005938964999813834
0.00690820599993458
0.005961489000128495
0.006526592999989589
0.006662108999989869
0.005914640000128202
0.00466804100005902
0.005303938999986713
0.006702145000190285
0.00644298199995319
0.006226632000107202
0.00403165100010483
0.006111392999855525
0.007319788000131666
0.006929859000138094
0.004298937999919872
0.006457090999901993
0.005776526000090598
0.005760907999956544
0.004495602999895709
0.003726933000052668
0.005681236000100398
0.005777369000043109
0.005525300000044808
0.004291615000056481
0.0062009040000248206
0.00709271899995656
0.0066572190000897535
0.003925729999991745
0.007158192999895618
0.006604067999887775
0.004909309999902689
0.006716052999991007
0.006597677999934604
0.005992779000052906
0.007357882999940557
0.00634212199997819
0.006131380999931935
0.006149505999928806
0.007192248000137624
0.006272750000107408
0.005770016000042233
0.006737964999956603
0.007996845999969082
0.00624509800013584
0.005898168999920017
0.005727734999936729
0.007053363000068202
0.006442803000027197
0.006986818000086714
0.006349556000031953
0.006885855000064112
0.007061618999841812
0.005702848000055383
0.005685033999952793
0.005313406999903236
0.005222516999992877
0.00585773199986761
0.005251830999895901
0.00579002299991771
0.006250056999988374
0.0073862080000708374
0.005644798000048468
0.005040358000087508
0.0057433649999438785
0.005352372000061223
0.005237031999968167
0.0034216629999264114
0.005626723000204947
0.005803570000125546
0.005091825999897992
0.0035625000000436557
0.005888299999924129
0.005481367000129467
0.005272168999908899
0.004802568000059182
0.00462493899999572
0.005249856000091313
0.006344967000131874
0.006561589000057211
0.006572280000000319
0.005305432000113797
0.00607511499993052
0.007218678999834083
0.005920231000118292
0.006835369999862451
0.0063843630000519624
0.006275384999980815
0.007236621999936688
0.006081117000121594
0.003987176999999065
0.006941893999965032
0.006932393999932174
0.007045738999977402
0.007761018999872249
0.0050154829998518835
0.006658323000010569
0.008347014000037234
0.007165748000034
0.007283151000137877
0.007199843999842415
0.007972372000040195
0.004362309999805802
0.006101626999907239
0.007091696999850683
0.006455286999880627
0.004649336000056792
0.006565576999946643
0.007741674000044441
0.007557183000017176
0.0053059429999393615
0.007082109000066339
0.006031161999999313
0.006201865000093676
0.0038215120000586467
0.00624115100004019
0.007238938000000417
0.006083611000121891
0.005190004000041881
0.006685093999976743
0.0076051730000017415
0.007457923999936611
0.004901394999933473
0.00542012000005343
0.007222576000003755
0.007238235999921017
0.003978461000087918
0.0089721520000694
0.007248414999821762
0.006997727999987546
0.007667181999977402
0.006987058999811779
0.006283091999875978
0.006254287000047043
0.004767521000076158
0.007259155999918221
0.006726684000113892
0.0074989120000736875
0.005474201999959405
0.0060671010000987735
0.0039493260001108865
0.007442173000072216
0.004566188999888254
0.004522786000052292
0.00472961800005578
0.005267389999971783
0.0032902719999583496
0.0062016959998345556
0.005619640000077197
0.006158504000040921
0.006858575000023848
0.0059637249999013875
0.006416455000135102
0.0071943629998258984
0.003832363999890731
0.0050484749999668566
0.0062417019998974865
0.0039019359999201697
0.006805123000049207
0.007693342000038683
0.007190947000026426
0.007124460000113686
0.0076388580000639195
0.007325101999867911
0.007162332999996579
0.006588470999986384
0.006165879000036512
0.0043192389998694125
0.00645282400000724
0.005329108000069027
0.006710773999884623
0.007530531999918821
0.0072227779999138875
0.007316966000189495
0.007062133000090398
0.006490193999979965
0.007457492999947135
0.007123558999865054
0.006601126000077784
0.006616404999931547
0.007491178000009313
0.005969314999902053
0.007894153000052029
0.0064215339998554555
0.006015953000087393
0.005304330999933882
0.005689983999900505
0.0066541260000576585
0.006010834000107934
0.006510023000146248
0.005870706999985487
0.005676339000046937
0.006086537000101089
0.007197077999990142
0.006108170000061364
0.004977209000117
0.006934078000085719
0.006960440000057133
0.005046450999998342
0.006212447000052634
0.006524149999904694
0.005382260000033057
0.006438986999910412
0.0062815589999445365
0.003699783000001844
0.003725040000063018
0.004031572000030792
0.003839959000060844
0.0037372619999587187
0.003706825999870489
0.004432493999956932
0.004400084000053539
0.004142213000022821
0.004368613999986337
0.004033015000004525
0.004186719000017547
0.003823976999910883
0.0042156429999522516
0.003836591999970551
0.00406717100008791
0.004082869999820105
0.004250760000104492
0.004781878000130746
0.00395660999993197
0.005376157999990028
0.004532925999910731
0.00615626999979213
0.006494764000080977
0.0065411719999701745
0.006658173999994688
0.005005714000162698
0.003337974000032773
0.004144927999959691
0.004057172000102582
0.00406686900009845
0.0040684620000774885
0.0039936309999575315
0.004123508000020593
0.00405815299995993
0.0040762869998616225
0.004602417000114656
0.0045397189999221155
0.004229829999985668
0.00508653800011416
0.004572951999989527
0.004025570000067091
0.004800193999926705
0.006210905999978422
0.0042331559998274315
0.0041749249999156746
0.004167048999988765
0.004543495999996594
0.005244167999990168
0.0057171670000570884
0.00609841100003905
0.004101966000007451
0.006057051999960095
0.006293622999919535
0.0037620699999934004
0.0045694739999362355
0.00444281500017496
0.004058724000060465
0.0037505870000131836
0.003663030999859984
0.0036638540000240027
0.0035849949999828823
0.00380247800012512
0.004238996000140105
0.006460369000024002
0.004291255999987698
0.004217655000047671
0.004032263999988572
0.006377860999918994
0.004064194999955362
0.004088881999905425
0.004092649999847708
0.004033806000052209
0.00413485900003252
0.006393510999942009
0.005068714999879376
0.00561467299985452
0.006036994999931267
0.00597632800008796
0.00560039499987397
0.005532566000056249
0.003809040999840363
0.004166598999972848
0.004056210000044302
0.004306996999957846
0.004223316999969029
0.004385416000104669
0.005487498999855234
0.0041785019998314965
0.004133276000175101
0.003772420000132115
0.003755478999892148
0.0038136089999625256
0.003768603000025905
0.0037650860001576802
0.0038557289999516797
0.003997586999958003
0.003907125999830896
0.003923418000113088
0.0038074470000992733
0.003969202999996924
0.008042888000090898
0.006381106999924668
0.007726356000148371
0.007998631999953432
0.004979685000080281
0.007891350000136299
0.00858441699983814
0.007432256999891251
0.0067425160000311735
0.007137597000109963
0.007786310000028607
0.008302851999815175
0.0055900360000578075
0.007996069000000716
0.0061302629999318015
0.003694532999816147
0.006923189999952228
0.00424023000005036
0.00652582399993662
0.00667754000005516
0.00701201900005799
0.005040179999923566
0.006244537999918975
0.006320684000002075
0.005960237999943274
0.005405063999887716
0.006866521000119974
0.006088863999821115
0.0046915679999983695
0.00813853900012873
0.00520750800001224
0.006777692000014213
0.008113051000009364
0.007276411000020744
0.006810926000071049
0.007825002999879871
0.006655802000068434
0.008186731000023428
0.005946891999883519
0.006368706000102975
0.006589854999901945
0.004347985000094923
0.006650320999824544
0.005319471000120757
0.006610385000158203
0.005516555999975026
0.007381049999821698
0.005727056000068842
0.008120604999930947
0.00744528099994568
0.007451621999962299
0.005967672999986462
0.005996808999952918
0.003951049999841416
0.0070200339998791605
0.007003512999972372
0.004769986999917819
0.007989136000105646
0.007211827999981324
0.007613702000071498
0.0046557999999095045
0.007421025999974518
0.0063352219999615045
0.006753798000090683
0.004889964999847507
0.007587663000094835
0.0058970689999569
0.005378724000138391
0.008085229000016625
0.004837675000089803
0.007666472999972029
0.007485297999892282
0.007695937999869784
0.0052145709998967504
0.0064063370000440045
0.0060356120000051305
0.006426063999924736
0.005314691999956267
0.007856602999936513
0.006100565999986429
0.005415084000105708
0.008084977000180515
0.007001188000003822
0.007284716999947705
0.008349038999995173
0.00630899199995838
0.005450891000009506
0.0075802280000516475
0.0065402509999330505
0.007285598999942522
0.007353676999855452
0.010096491000012975
0.00714905900008489
0.005717507999861482
0.0080195759999242
0.005092189999913899
0.008133349999980055
0.005543076000094516
0.005748075999918001
0.00480677900009141
0.007293974000049275
0.007433399000092322
0.0054529749997982435
0.006769767999912801
0.007835795000119106
0.004878281999936007
0.0036066559998744196
0.007551634000037666
0.004328166999812311
0.006024772000046141
0.006499273999907018
0.007542857000089498
0.005824812000128077
0.007543748999978561
0.0065852069999436935
0.007181310999840207
0.006640482999955566
0.006764277999991464
0.005172262000087358
0.008033150000073874
0.006315436000022601
0.00523146400018959
0.007206217999964792
0.006775398999934623
0.006946353000103045
0.005040832000076989
0.007174396999971577
0.0065063469999131485
0.005810173000099894
0.004694713000162665
0.006689544999971986
0.005500284999925498
0.003972459999886269
0.0057013169998754165
0.0045875299999806884
0.006604154000115159
0.006384686000046713
0.006611476999978549
0.004909631999908015
0.005868394999879456
0.00637796400019397
0.007959862000006979
0.005862302999958047
0.00531449199979761
0.005836907000002611
0.007690267000043605
0.006691949000014574
0.004858866999938982
0.0043661289998908615
0.0066597089999049786
0.0072603420001087215
0.004320602000007057
0.006334450999929686
0.007058305999862569
0.007045802999982698
0.004619101000116643
0.006348786999978984
0.004235952000044563
0.0045004940000126226
0.006593884000039907
0.004359657000122752
0.007093262000125833
0.007012979999899471
0.00717204300008234
0.004529008999952566
0.00693910999984837
0.006204091999961747
0.006095677000075739
0.005914702999916699
0.005441113000188125
0.0055061560001377075
0.003565037000043958
0.0065662109998356755
0.006586329000128899
0.006655200000068362
0.00498184000002766
0.006130854000048203
0.004965998999978183
0.007100637000121424
0.006779357000141317
0.00606225399997129
0.006349050000153511
0.007212319000018397
0.0057880829999703565
0.0062248819999695115
0.007183944999951564
0.006702953000058187
0.006328058000008241
0.005367895000063072
0.005796117000045342
0.004900114000065514
0.003674063000062233
0.005783632999964539
0.006243678000146247
0.004318077000107223
0.006752777999963655
0.005933970000114641
0.003718687999935355
0.0057902979999653326
0.004385546000094109
0.006294905999993716
0.0057949760000610695
0.007120936999854166
0.005705626999997548
0.006534482000006392
0.00627978800002893
0.005864656999847284
0.00438947299994652
0.006719501999896238
0.0062472269999034324
0.003716253999982655
0.007264018000114447
0.0047862470000836765
0.007535834000009345
0.007405528000163031
0.007394867000130034
0.005536723999966853
0.006763566000017818
0.006199614000024667
0.006195548000050621
0.006452586000023075
0.006787263000205712
0.0034301509999750124
0.0038135490001423022
0.006895238000197423
0.005717517999983102
0.007861735000005865
0.008046855999964464
0.008327289999897403
0.0057784640000591025
0.00823721699998714
0.008281512999928964
0.006602098999792361
0.007345982999822809
0.0068889650001437985
0.006337496000014653
0.008036226000058377
0.007691501999943284
0.004827097000088543
0.008768277999934071
0.005708161000029577
0.0076905179998902895
0.00573246800013294
0.00823359200012419
0.005546735000052649
0.007346255000129531
0.004826564000040889
0.007651023000107671
0.005701898000097572
0.004783723999935319
0.006442857000138247
0.0062527150000732945
0.00711029699982646
0.007159879000028013
0.007166753999854336
0.005057673000010254
0.006010105000086696
0.006265941000037856
0.0060278169999037345
0.007008832000110488
0.006898292999949263
0.006213060999925801
0.004993181999907392
0.00708460600003491
0.0062793079998755275
0.0048138309998648765
0.007203192999895691
0.0056437590001223725
0.006785519999993994
0.007764448999978413
0.00615768400007255
0.007354880000093544
0.00502940999990642
0.006815436000124464
0.005118208999874696
0.0039739040000768
0.00551451299998007
0.004868864999934885
0.006440372999804822
0.005883963999849584
0.006116437000173391
0.004909011000108876
0.006900387999849045
0.0070428770000035
0.007343788999833123
0.004779865999807953
0.007267635999824051
0.006207460000041465
0.0037428640000598534
0.008230525000044508
0.005490367999982482
0.007158967999885135
0.006263176999937059
0.005815406000010626
0.005210624000028474
0.006857665999859819
0.006401747999916552
0.0071442800001477735
0.005764216999978089
0.006126557000015964
0.004399843999863151
0.004277409999986048
0.006293102999961775
0.0060547890000179905
0.00641982399997687
0.006020023000019137
0.007991612000068926
0.005872021999948629
0.007234061999952246
0.0058079810000890575
0.007404984999993758
0.004449677999900814
0.008154490999913833
0.0066683360000752145
0.0057386290000067675
0.0072689989999616955
0.00480508399982682
0.007102161000148044
0.006790518000116208
0.008534454000027836
0.006696638999983406
0.006102551000140011
0.007133639999892694
0.007955182999921817
0.004594723000082013
0.006713050999906045
0.006301710000116145
0.004620381999984602
0.007303823000029297
0.004804662999958964
0.00556045999996968
0.0057975909999186115
0.006905557999971279
0.004674544999943464
0.006290428000056636
0.006511959000135903
0.0068135520000396355
0.006093653999869275
0.006438509999952657
0.005455881999978374
0.003618858999971053
0.007307119999950373
0.004728851000209033
0.007165181000118537
0.006269277000001239
0.006822419999934937
0.004485294999994949
0.006278055000166205
0.005638229000169304
0.007307079999918642
0.004926725000132137
0.007057496000015817
0.005287101000021721
0.004824960999940231
0.008082394000211934
0.004508521999923687
0.006721959000060451
0.006551001999923756
0.00701325199997882
0.004664115999958085
0.007002030999956332
0.006027427999924839
0.006494426000017484
0.004918540000062421
0.006324181000081808
0.006634100999917791
0.003949647999888839
0.005879265999965355
0.005304944000044998
0.008115066000073057
0.005962675999853673
0.007120636000081504
0.004940531000102055
0.005559257999948386
0.006440824000037537
0.0058192330000110815
0.004707048999989638
0.006628411000065171
0.005994303999841577
0.003763172999924791
0.007205236999880071
0.0048076589998800046
0.006036665000010544
0.006477304000100048
0.006295979000014995
0.00626671399982115
0.00606705400014107
0.005582952000168007
0.006656474000010348
0.0056075100001180544
0.004031081999983144
0.005562012999916988
0.007073697000123502
0.005100907000041843
0.008032148999973288
0.007251405000033628
0.006834593000121458
0.005846353999913845
0.005408110000189481
0.007724897000116471
0.0071450529999310675
0.007623663000003944
0.007646346000001358
0.00764595499981624
0.0062237610000011045
0.007038760999876104
0.006853267999986201
0.006785880000052202
0.005942918000073405
0.007557616999974925
0.007242016999953194
0.006890498999837291
0.006265840999958527
0.006465752999929464
0.004416225000113627
0.006735414000104356
0.0059774030000880884
0.0042669510000905575
0.004681570000002466
0.00783388200011359
0.005880798999896797
0.004874506000078327
0.006150452000156292
0.006775680000146167
0.00630330299986781
0.005967953999970632
0.003888583000161816
0.006479406999915227
0.005932176999976946
0.005682733000185181
0.0054737559999011864
0.00641291200008709
0.005514292999805548
0.003629799999998795
0.008087875000001077
0.007235436000200934
0.007102090999978827
0.005891751000035583
0.0041026090000286786
0.0036331179999251617
0.0034966480000093725
0.004008890000022802
0.003971130000081757
0.004066700000066703
0.00466517799986832
0.004065007999997761
0.003787429999874803
0.00370715700000801
0.004044389000000592
0.004059295999923052
0.00405302500007565
0.003941743999803293
0.004083372999957646
0.003756873000156702
0.0037020479999227973
0.0036358319998726074
0.0039109340000322845
0.003981540000040695
0.0049813690000064526
0.005489554999940083
0.007980871999961892
0.005762254999808647
0.009486225000046034
0.005519994999986011
0.005990378999968016
0.004552024000076926
0.004569015000015497
0.003991518000020733
0.00445493000006536
0.003889173000061419
0.005028280000033192
0.004234178999922733
0.003684263999957693
0.004104362000134643
0.004455679000102464
0.004183573000091201
0.004682172000002538
0.0042587270002059086
0.004951263000066319
0.00420759899998302
0.0048745770000095945
0.004270056999985172
0.0043916189999890776
0.004545471000028556
0.005049659999940559
0.006930416999921363
0.004992031000028874
0.00808428899995306
0.006362726000133989
0.006297393000068041
0.003507056999978886
0.005713061000051312
0.004479485000047134
0.004010264000044117
0.004507550000198535
0.004020332999971288
0.004589554999938628
0.004285786000082226
0.004455790000065463
0.004057695000028616
0.0053457639999123785
0.003911515000027066
0.004095676000133608
0.004111116000103721
0.003938466999898083
0.004018698999971093
0.004951271999971141
0.0036684650001461705
0.004116324999813514
0.003847353000082876
0.005743038999980854
0.006860431000177414
0.007264210999892384
0.005950861999963308
0.006578655999874172
0.005302471000049991
0.006229492000102255
0.006138409999948635
0.0073776360000010754
0.004570597999872916
0.003453554000088843
0.003512927999963722
0.003810914000041521
0.0035565210000640946
0.0033933600000182196
0.003996377000021312
0.003985807999924873
0.004027386000188926
0.003840610999986893
0.004794806000063545
0.0040890319999107305
0.004009263000170904
0.003914962000180822
0.004455941000060193
0.0037076490000345075
0.003528347999917969
0.0038732640000489482
0.0037540069999977277
0.004058084999996936
0.004304282999783027
0.006813674000113679
0.006816630000002988
0.006376273000114452
0.00565823800002363
0.0066568249999363616
0.008030597000015405
0.007245273000080488
0.006372715999987122
0.006217229999947449
0.0068922919999749865
0.006677082999885897
0.005693673999985549
0.006375691000130246
0.006037588000026517
0.004445220999969024
0.006723351999880833
0.007009966999930839
0.00464755600000899
0.00802274100010436
0.006202793000056772
0.007371824999836463
0.006325595999896905
0.008610561000068628
0.007057819000010568
0.007421739999927013
0.005094956999982969
0.006592833000013343
0.00352320799993322
0.005728258999852187
0.006546345000060683
0.00472368999999162
0.006769037999902139
0.0064115279999441555
0.0061880240000391495
0.004462834999912957
0.006924424000089857
0.0067341219998979795
0.0071336519999931625
0.0044811800000843505
0.006663628000069366
0.004151783999986947
0.007172026000034748
0.007809606999899188
0.00495640199983427
0.007711040000003777
0.0064256969999405555
0.0069138549999934185
0.004877313000179129
0.0072811430000001565
0.007120608000150241
0.0075193039999703615
0.004389714999888383
0.005854089999957068
0.003868694999937361
0.006907872000056159
0.007347859999981665
0.0039770399998815265
0.006735945999935211
0.004831865000141988
0.007235275999846635
0.005107381000016176
0.006594528000050559
0.007178727000109575
0.006164649000083955
0.005018641999868123
0.005256853999981104
0.004726495999875624
0.006461524000087593
0.007051236000052086
0.00403549199995723
0.0065432590001819335
0.006876431999899069
0.007289207999974678
0.0040532959999382
0.007122329000139871
0.006699475000004895
0.006855632999986483
0.004356752999910896
0.00634751799998412
0.007504106000169486
0.007459861999905115
0.006464869999945222
0.004855129000134184
0.007355614999823956
0.006841375000021799
0.007797403000040504
0.0047737760000927665
0.00695411099991361
0.007765824999978577
0.00772642799984169
0.004286689999844384
0.0058276299998851755
0.0039405810000516794
0.006795279000016308
0.006407902999853832
0.004535971999985122
0.006961014999887993
0.005619052999918495
0.007097342999941247
0.0040530759999910515
0.006465903999924194
0.006007510000017646
0.007106579999799578
0.0035985819999950763
0.0045292700001482444
0.004629631999932826
0.007238752000148452
0.007800259000077858
0.003961722000212831
0.006482043000005433
0.006704175000095347
0.008601444000078118
0.0041261039998516935
0.00818682399994941
0.0066124820000368345
0.007317302000046766
0.004625092999958724
0.005726948000074117
0.0037820310001279722
0.006105174999902374
0.006470249999892985
0.0042188610000266635
0.006942176999928051
0.0055107769999267475
0.006911381000008987
0.00395811499993215
0.007217450000098324
0.006443049999916184
0.0065635070000098494
0.004864769000050728
0.004748356999925818
0.0050853490001827595
0.007093165000014778
0.006945124999901964
0.004294053999956304
0.006392813999809732
0.005464028000005783
0.005875320000086504
0.004327166999928522
0.007294137000144474
0.006791652999936559
0.007125867000013386
0.004551322999986951
0.003838889000007839
0.004139410000107091
0.00784679799994592
0.006744321000041964
0.0044205639999290725
0.006369629999880999
0.006924805000153356
0.006443179000143573
0.004015624999965439
0.006132679000074859
0.006471551999993608
0.007790290999992067
0.004506647999960478
0.005696489000001748
0.003446312000050966
0.007115397999996276
0.0073373600000650185
0.004435813999862148
0.0058286109999698965
0.006176270999958433
0.0065359570000964595
0.004257325000025958
0.007010418000163554
0.007091292000040994
0.005748469000081968
0.004766491000054884
0.006471334000025308
0.003624770999977045
0.006130054999857748
0.006579218000069886
0.004181129000016881
0.006574810000074649
0.006519023999999263
0.0073619560000679485
0.004163224999956583
0.007512363000159894
0.006828903000041464
0.006309966000117129
0.005681890999994721
0.005769789999931163
0.003876740999885442
0.0071891479999521835
0.007148830999994971
0.004170880000174293
0.008032862999925783
0.007010577000073681
0.007760002999930293
0.004281419999870195
0.007123714000044856
0.006519364000041605
0.006960463000041273
0.004815434000192909
0.0048839260000477225
0.0038460629998553486
0.00644931099986934
0.0061855900000864494
0.004267221999953108
0.007281882999905065
0.006227280000075552
0.006483756999841717
0.004877442999941195
0.006150212999955329
0.007823974999837446
0.004698573000041506
0.006257747000063318
0.0073860920001607155
0.003504363000047306
0.005685639999910563
0.007309746999908384
0.004356352000058905
0.0074773759999970935
0.007327390999989802
0.005638389000068855
0.004012708999880488
0.006745814999931099
0.006761946000096941
0.0068782670000473445
0.005640994000032151
0.0052808899999945424
0.003181249000135722
0.006616549000000305
0.006683517000055872
0.005438579999918147
0.0071544620000167924
0.007001161000061984
0.007128292000061265
0.004671711999890249
0.0069650620000629715
0.00683054599994648
0.006945744999939052
0.0041936830000395275
0.003741734000186625
0.004081791000089652
0.007066314999974566
0.007134473999940383
0.004167051999957039
0.006579188999921826
0.007040917000040281
0.006871393999972497
0.004002019000154178
0.006507531999886851
0.006456895999917833
0.006874831000004633
0.0038687859998844942
0.007021679999979824
0.0047797679999348475
0.005870802000117692
0.00794071699988308
0.003936574000135806
0.007600078999985271
0.0055741979999766045
0.008797736000133227
0.004559507999829293
0.007126209000034578
0.00592824099999234
0.007087054000066928
0.004663486000026751
0.006943712000065716
0.005763386999888098
0.006604365999919537
0.005841154999870923
0.004396970000016154
0.00648021000006338
0.006364721000181817
0.006039863999831141
0.004280208000182029
0.005969558999822766
0.008705301000190957
0.007847841000057088
0.004299053000067943
0.005275379000067915
0.0034022879999611177
0.007764331000089442
0.006921990000137157
0.004061822000039683
0.00635808799984261
0.0061977919999662845
0.005982655000025261
0.004393923999941762
0.007150584999862986
0.00712097900009212
0.0064459850000275765
0.006700850000015635
0.007287996000059138
0.0037299910000001546
0.006693896000115274
0.0046251139999640145
0.004314462000138519
0.007190290000153254
0.006977495999990424
0.007315397999946072
0.0040955570000278385
0.006511950999993132
0.008028394000120898
0.006573076999984551
0.004552866000040012
0.00574848899987046
0.0035403409999616997
0.007493457000009585
0.005880370000113544
0.004565079000030892
0.0075284340000507655
0.007916511000075843
0.007164310999996815
0.0052337010001792805
0.005480089000002408
0.006873698999925182
0.006558719999929963
0.004200675999982195
0.0060907399999905465
0.003346562999922753
0.008342431000073702
0.007402333000072758
0.003721544999962134
0.007950456000116901
0.006650433999993766
0.006409606000033818
0.005006839000088803
0.007871395000165649
0.006814685999870562
0.007319465999898966
0.004468806999966546
0.005869750000101703
0.0038682340000377735
0.006932569999889893
0.006710277999900427
0.004389385000195034
0.007254803000023458
0.007103245000052993
0.00669854500006295
0.003824010000016642
0.006823012000040762
0.006546184999933757
0.0061629669999092584
0.003547223999930793
0.005973748000087653
0.006242699000040375
0.006479899999931149
0.006101680999790915
0.004128779999973631
0.006573106999894662
0.006865322999829004
0.007107772999916051
0.004296829000168145
0.007061546000159069
0.007035636999944472
0.006257025999957477
0.004049659000202155
0.004128478999973595
0.0035307519999605574
0.005722910999793385
0.0055055670000001555
0.00800965799999176
0.006362556999874869
0.006497232999890912
0.006723732999944332
0.004186580000123286
0.005978486000003613
0.006251686000041445
0.006174118999979328
0.004432136999866998
0.00698254500002804
0.0038990430000467313
0.00811532900002021
0.008007793999922797
0.005550673000016104
0.007170523000013418
0.00682987499999399
0.006772065000177463
0.004860792000044967
0.006303644000126951
0.007825237999895762
0.006306100000074366
0.004551834000039889
0.0049074900000505295
0.0033703069998409774
0.006632290999959878
0.007158720000006724
0.004358335999995688
0.006523292000110814
0.007006791999856432
0.006748210000068866
0.0050575860000208195
0.006498705000012706
0.004574928000010914
0.007023032000006424
